initial: 6
3.55904e-06 0.145542 0.0639435 0.209233 2.09654e-133 0.581278

transition: 6
0.182902 0.375787 0.441218 6.39923e-05 3.34952e-06 2.47217e-05
0.143311 0.354232 0.319099 0.0808416 5.11718e-08 0.102517
0.522875 0.0189634 0.130028 0.32813 1.26494e-06 1.84156e-06
0.199343 0.00696195 0.0028468 0.59678 4.37824e-06 0.194064
9.88647e-05 0.109737 7.50471e-16 5.28752e-20 0.515437 0.374727
0.401794 0.00172979 1.10019e-08 6.96261e-18 0.317744 0.278732

observation: 6
0.480733 0.635339 0.218097 0.101548 0.00806575 0.0947043
0.00619902 0.0503591 0.490606 0.0955273 0.0988563 0.0930293
0.000134894 0.252515 0.184594 0.195792 0.106062 0.30782
0.512915 0.061756 0.104945 2.84002e-09 0.0105268 0.401017
1.75155e-05 3.09162e-05 0.00175933 0.607133 0.00228848 0.103429
6.08987e-13 2.68392e-17 8.13342e-24 8.97247e-34 0.7742 1.58313e-16
