initial: 6
0.73246 1.85494e-08 0.0836911 0.183849 2.07276e-172 6.1936e-45

transition: 6
0.308582 0.0378248 0.45296 0.00525951 6.00771e-19 0.195374
0.00127384 0.279445 0.696509 0.0227722 8.96022e-12 9.65087e-09
0.00447921 0.540261 0.149229 0.306019 4.06633e-16 1.24544e-05
0.0043106 0.204052 4.09904e-05 0.589237 2.60139e-05 0.202333
0.105714 3.96352e-08 1.78911e-09 3.33507e-12 0.520805 0.373481
0.00224297 0.408101 1.9062e-06 4.37874e-12 0.309925 0.279729

observation: 6
0.987169 0.489413 0.281962 0.0902246 0.00628342 0.0957966
0.004323 0.011601 0.432552 0.0976833 0.105394 0.0924652
0.00493869 0.0117584 0.21154 0.812038 0.0930185 0.314801
0.00356943 0.487227 0.0739466 5.38286e-05 0.0231721 0.397257
2.50696e-40 5.78582e-20 3.2268e-20 2.76921e-23 0.00681683 0.0996802
2.70183e-53 7.35152e-26 3.23959e-26 1.70038e-23 0.765315 1.52054e-13
