initial: 6
0.498227 0.501773 7.03246e-26 1.65308e-43 1.42957e-84 1.58166e-173

transition: 6
0.28195 0.451553 0.00926195 0.254874 9.20302e-05 0.00226896
0.00525347 0.503792 0.19901 0.000116645 1.61453e-05 0.291812
0.00496502 0.00111656 0.214227 0.776315 0.00025382 0.00312286
0.000329912 0.00503413 0.0066117 0.253063 0.529114 0.205848
6.91343e-41 8.85345e-12 4.63282e-38 6.17034e-29 0.500905 0.499095
0.687193 0.000133675 0.126225 0.186449 2.0192e-09 5.80069e-15

observation: 6
9.701e-05 0.298386 0.00734868 0.101178 0.298224 0.0974692
0.0892799 0.398069 6.98907e-05 0.0998933 1.19405e-10 0.0997461
0.412376 0.198874 0.482912 0.295737 0.302622 1.16954e-20
0.498247 0.104671 0.495141 0.403579 1.33249e-26 5.1854e-32
4.04305e-16 2.43176e-10 0.0145289 0.0996132 4.91575e-09 0.802785
6.24544e-84 1.50857e-40 1.085e-81 3.10093e-27 0.399154 2.89634e-97
