initial: 6
0.744342 4.93406e-06 0.072552 0.183101 2.33937e-176 2.25126e-43

transition: 6
0.299145 0.0603799 0.464068 0.00726013 6.21261e-09 0.169147
0.216923 0.242224 0.534477 0.00636098 8.72921e-07 1.45361e-05
0.0089835 0.53163 0.13758 0.320807 1.81358e-05 0.000981749
0.00306694 0.206682 0.000382048 0.593037 8.17694e-06 0.196824
0.107898 1.52554e-06 7.5427e-11 4.72488e-16 0.508914 0.383187
0.00685945 0.394523 5.52303e-09 2.52311e-17 0.312334 0.286284

observation: 6
0.683781 0.48375 0.28402 0.0974098 0.00425078 0.0949733
0.0113073 0.0189214 0.42405 0.095144 0.103567 0.0909685
0.301076 0.00254287 0.204665 0.195143 0.0968352 0.3069
0.00374662 0.49477 0.0854895 1.4662e-10 0.00783352 0.406735
8.97164e-05 1.55132e-05 0.00177468 0.612303 0.00280108 0.100423
4.49007e-27 2.57979e-18 6.79616e-24 1.05371e-30 0.784712 2.11505e-08
