initial: 6
0.758485 0.00468696 0.0949754 0.141852 1.80324e-18 8.76351e-17

transition: 6
0.402288 0.404444 0.136674 0.00519128 0.0206581 0.0307443
0.182176 0.586491 0.209239 0.0169959 0.00138607 0.00371177
0.18823 0.153198 0.0403502 0.589179 0.00432604 0.0247164
0.187968 0.114764 0.0676621 0.470606 0.0140373 0.144962
0.0884549 0.0186334 0.000357493 0.000943249 0.621602 0.270009
0.345483 0.0610338 0.00064824 3.63511e-05 0.283267 0.309531

observation: 6
0.5023 0.416632 0.273899 0.0421929 0.0288639 0.0346815
0.0461166 0.196567 0.39742 0.0207765 0.111494 0.0648345
0.230173 0.0672789 0.255527 0.149898 0.164222 0.234614
0.218454 0.318032 0.0112238 0.0174845 0.0555166 0.462238
0.00295625 0.00148989 0.0619311 0.769648 0.0193088 0.0773897
1.32684e-09 5.62377e-10 1.74071e-08 9.29192e-11 0.620595 0.126242
