initial: 6
0.523605 0.47639 4.60834e-08 4.68535e-06 3.21604e-14 1.2824e-26

transition: 6
0.219382 0.438903 0.0482492 0.271467 0.0137445 0.00825485
0.0364165 0.446429 0.238648 0.0177218 0.0338761 0.226908
0.107673 0.0309193 0.143775 0.669438 0.0404894 0.00770474
0.0093259 0.0489872 0.0352788 0.29112 0.482776 0.132512
2.66133e-07 0.00138502 0.000262167 8.57559e-07 0.507983 0.490368
0.819511 0.00117797 0.00970794 0.16522 0.00438128 1.77755e-06

observation: 6
0.00236351 0.309319 0.0540231 0.048277 0.310258 0.0937743
0.0791029 0.413506 0.0563863 0.0701415 0.000706517 0.0933644
0.427522 0.178824 0.356314 0.315555 0.303902 5.29045e-05
0.491009 0.0970907 0.3118 0.470731 0.000236768 4.69843e-07
2.68485e-06 0.00125962 0.221476 0.0952946 0.0027125 0.812808
9.59151e-14 3.42985e-08 4.01052e-13 1.38302e-08 0.382185 9.38425e-13
