initial: 6
0.860827 2.56259e-08 0.00062508 0.138548 1.58242e-23 4.69167e-20

transition: 6
0.273389 0.426149 0.183598 0.076484 0.00391014 0.0364691
0.128182 0.597246 0.242925 0.0306725 0.000119438 0.000854236
0.178148 0.188882 0.14485 0.448046 0.000775641 0.0392977
0.0887879 0.0611124 0.0337322 0.52866 0.0354647 0.252243
0.117493 0.00520956 0.000229621 0.000622575 0.692768 0.183677
0.22853 0.376889 0.015487 0.000193871 0.249284 0.129616

observation: 6
0.832973 0.288839 0.213317 0.0648771 0.0354323 0.0741391
0.0591182 0.23132 0.357723 0.0431058 0.120552 0.022011
0.0724284 0.0783891 0.34838 0.882962 0.170128 0.16828
0.0354772 0.401452 0.0805798 0.00902261 0.0770764 0.645603
3.20799e-06 4.72375e-07 1.45372e-08 3.24703e-05 0.0367165 0.088501
1.92962e-11 4.86022e-12 1.91429e-10 1.63695e-09 0.560095 0.001466
