initial: 6
0.162895 0.045896 0.125738 0.171972 8.46094e-12 0.4935

transition: 6
0.30077 0.525434 0.138137 0.00160778 0.0168765 0.0171737
0.162175 0.513655 0.282403 0.0309435 0.000270201 0.0105531
0.418176 0.0703272 0.0306662 0.442071 0.00679732 0.0319626
0.217269 0.0541687 0.0765664 0.489219 0.00654003 0.156237
0.0878624 0.0622753 0.000427319 0.00103998 0.56564 0.282755
0.324606 0.0576571 0.00068093 2.56376e-05 0.399763 0.217268

observation: 6
0.347904 0.555552 0.166477 0.0769328 0.0154715 0.0947997
0.0572573 0.147834 0.45375 0.0211599 0.0942042 0.0790407
0.10421 0.118843 0.279574 0.144456 0.112237 0.367741
0.489118 0.177107 0.00954357 0.00308264 0.0508849 0.36181
0.00150879 0.000663977 0.0906563 0.754369 0.0212973 0.0912074
1.41703e-06 6.76091e-08 8.57447e-09 3.63577e-09 0.705905 0.00540149
