initial: 6
0.775554 4.5516e-10 0.0793597 0.145086 1.74539e-49 1.56614e-31

transition: 6
0.33325 0.266381 0.291611 0.00463178 0.00298582 0.101141
0.218849 0.477004 0.276827 0.0268993 3.67911e-05 0.000383498
0.0635058 0.472422 0.00353051 0.407802 0.00246034 0.0502795
0.0557621 0.148255 0.0770971 0.491162 0.00244146 0.225282
0.10353 0.0029907 1.6272e-06 7.03051e-06 0.578409 0.315062
0.165303 0.291986 7.23244e-05 1.10744e-08 0.318219 0.224419

observation: 6
0.69569 0.381397 0.222516 0.0655274 0.0213362 0.0772251
0.0193028 0.135355 0.482118 0.0110356 0.107944 0.0708769
0.255387 0.0364326 0.257373 0.158073 0.142365 0.267481
0.0266465 0.444703 0.00552664 0.000238951 0.0193475 0.48826
0.00297349 0.00211211 0.0324662 0.765125 0.0171233 0.0944164
2.70357e-14 1.11945e-13 7.98404e-13 4.05997e-15 0.691884 0.0017404
