initial: 6
0.488452 0.511548 3.339e-14 2.03442e-15 1.08149e-31 8.65294e-64

transition: 6
0.249698 0.40177 0.0273005 0.315379 0.00319531 0.00265716
0.0173781 0.497974 0.208865 0.002227 0.0025205 0.271035
0.0327304 0.00988974 0.187841 0.759708 0.00526083 0.00456965
0.00191341 0.0177714 0.0171581 0.242774 0.525057 0.195326
1.06994e-15 1.84607e-05 1.82532e-11 2.02467e-12 0.501822 0.49816
0.809827 0.000506827 0.0145897 0.174942 0.00013398 1.93106e-09

observation: 6
0.000381108 0.298068 0.0168587 0.0987567 0.299193 0.0954728
0.0769467 0.403501 0.00500252 0.0969322 2.65331e-05 0.0975914
0.422723 0.19621 0.44789 0.295892 0.302264 2.22653e-09
0.499949 0.102211 0.456865 0.407833 7.44856e-10 5.68599e-14
2.66884e-09 9.54521e-06 0.0733835 0.100586 0.000114331 0.806936
9.68715e-32 3.89291e-16 1.85381e-29 3.8381e-14 0.398402 1.03938e-33
