initial: 6
0.793265 1.3956e-11 0.0519169 0.154818 1.13248e-52 8.81866e-30

transition: 6
0.242284 0.245628 0.371046 0.0608405 0.00081363 0.079389
0.087476 0.412755 0.467603 0.0321527 2.08602e-07 1.30722e-05
0.120023 0.545565 0.00813841 0.318641 4.16287e-05 0.00759034
0.0697873 0.0926332 0.00567629 0.561754 0.00659613 0.263553
0.106225 0.000287774 9.70215e-07 9.48182e-07 0.642799 0.250686
0.0957014 0.445649 0.0110944 2.8178e-06 0.311675 0.135877

observation: 6
0.937709 0.361881 0.190269 0.0583574 0.0288998 0.0870482
0.017104 0.0706118 0.526955 0.0780221 0.114773 0.057901
0.0313475 0.0631695 0.271252 0.859749 0.129125 0.320141
0.0138394 0.504338 0.0115239 0.00387149 0.0847804 0.44622
6.31959e-13 2.82107e-12 5.43607e-14 8.12959e-11 0.0310618 0.0886893
1.34296e-17 1.69141e-16 1.54549e-15 3.26927e-13 0.61136 7.77983e-07
