initial: 6
0.0101541 0.156141 0.0698132 0.196275 4.59176e-40 0.567617

transition: 6
0.16872 0.534101 0.287255 0.000562192 0.00276252 0.00659919
0.141704 0.4608 0.26166 0.0819487 7.77868e-06 0.0538783
0.556634 0.0427333 0.0252313 0.367871 0.0022343 0.00529596
0.188413 0.0260982 0.0277172 0.570005 0.00143223 0.186334
0.0124558 0.102768 2.35424e-06 3.29083e-07 0.538449 0.346324
0.395084 0.0195307 1.48724e-05 7.75188e-09 0.347498 0.237872

observation: 6
0.444644 0.563259 0.164099 0.0910489 0.0152425 0.0931794
0.0100877 0.112655 0.544856 0.0774123 0.100043 0.078663
0.00997648 0.18092 0.231638 0.185388 0.110693 0.332574
0.534762 0.142931 0.0358602 1.26228e-05 0.0271898 0.390689
0.000530255 0.000235621 0.0235465 0.646138 0.00646875 0.104894
1.02673e-07 3.54691e-10 3.79483e-13 1.06462e-14 0.740363 9.10336e-07
