initial: 6
0.000458534 0.162289 0.0549864 0.207095 5.48505e-70 0.575171

transition: 6
0.157313 0.497822 0.343469 0.000230248 0.000231286 0.000934495
0.143148 0.42991 0.261085 0.0925668 9.13066e-07 0.0732888
0.550238 0.0295304 0.0649802 0.354657 0.000297614 0.00029687
0.194699 0.0156615 0.00813173 0.590628 0.000212299 0.190667
0.00211012 0.110619 1.68853e-09 2.4187e-11 0.526508 0.360763
0.401188 0.00746735 8.38503e-07 4.64709e-12 0.330615 0.260729

observation: 6
0.46237 0.586777 0.172743 0.0987326 0.0121238 0.0956867
0.00858184 0.0907109 0.54071 0.0921961 0.0985632 0.0860006
0.00145302 0.209382 0.196807 0.192377 0.109406 0.317614
0.527467 0.113047 0.0828496 3.32875e-07 0.0180239 0.396182
0.000128393 8.23309e-05 0.00688971 0.616694 0.00377018 0.104516
3.10615e-09 1.00694e-12 6.08949e-17 6.01956e-21 0.758113 3.50121e-10
