initial: 6
0.773093 1.26592e-11 0.0525446 0.174362 1.83176e-88 1.88537e-34

transition: 6
0.267254 0.150266 0.413573 0.0300019 6.23683e-06 0.138899
0.0203123 0.382442 0.560023 0.0372221 6.04434e-10 3.92413e-07
0.0459767 0.581303 0.043569 0.32871 7.81571e-09 0.000441552
0.0321978 0.177143 0.000548011 0.573443 0.000455215 0.216214
0.107751 1.20096e-05 5.14244e-08 1.85173e-09 0.580365 0.311871
0.0288369 0.431378 0.000483191 2.07093e-08 0.324741 0.21456

observation: 6
0.954794 0.436109 0.255097 0.0732159 0.0179186 0.0908662
0.0162951 0.0459051 0.478709 0.0932897 0.10967 0.0767249
0.0174791 0.0314305 0.242159 0.832687 0.108898 0.324578
0.0114318 0.486555 0.024035 0.000807334 0.0589725 0.410922
5.17733e-20 3.7777e-17 1.93154e-18 2.03856e-16 0.0190359 0.0969089
1.06544e-24 1.24197e-20 2.87715e-20 1.02484e-17 0.685505 1.4647e-09
