initial: 6
0.48782 0.51218 7.41638e-19 6.30961e-25 2.08987e-49 1.14556e-100

transition: 6
0.264927 0.406774 0.0173726 0.307765 0.000951307 0.00221014
0.01011 0.504284 0.2039 0.000690222 0.000411891 0.280604
0.013921 0.00417532 0.214817 0.761933 0.00161177 0.00354205
0.000856286 0.0103526 0.0113029 0.241833 0.531385 0.204271
3.73101e-24 1.7667e-07 5.48495e-20 6.99512e-18 0.501056 0.498944
0.784199 0.000294453 0.0338994 0.181604 3.3151e-06 3.48617e-11

observation: 6
0.000189795 0.297132 0.0117403 0.101878 0.298307 0.0968362
0.0791107 0.400844 0.00128717 0.098863 5.4394e-07 0.0989648
0.420975 0.197487 0.464606 0.295556 0.302548 2.83517e-13
0.499725 0.104537 0.476996 0.40388 2.00555e-15 3.34656e-20
1.84175e-11 2.3192e-07 0.0453714 0.0998224 5.38983e-06 0.804199
4.37429e-49 4.00004e-24 2.9033e-46 1.31929e-18 0.39914 9.92367e-55
