initial: 6
0.769416 1.89002e-09 0.0560534 0.174531 2.21716e-87 1.76818e-35

transition: 6
0.29911 0.149939 0.396798 0.00804118 7.54785e-05 0.146037
0.222253 0.348884 0.400794 0.027997 3.02929e-06 6.98345e-05
0.0254133 0.594626 0.0150222 0.35679 0.000525323 0.00762243
0.0173924 0.196686 0.00927973 0.57642 0.000304845 0.199917
0.105949 0.000197615 7.12638e-08 1.39524e-09 0.532769 0.361084
0.0391702 0.384723 2.13139e-06 7.26997e-12 0.322737 0.253367

observation: 6
0.676 0.451531 0.250434 0.085269 0.0101032 0.0935476
0.0189739 0.0582165 0.478026 0.0867281 0.108909 0.075771
0.294338 0.00842733 0.230794 0.190749 0.108342 0.302507
0.00982568 0.481415 0.0275138 7.80286e-07 0.01476 0.426655
0.000862064 0.000410699 0.0132316 0.637253 0.00612086 0.10149
1.14767e-18 9.25053e-16 1.79653e-17 1.77118e-20 0.751765 2.83243e-05
